4801103024
140804
4801103071
100304
4801103062
123456
4801103028
654321
4801103002
123456
4801103006
123456
4801103004
123456
4801103008
123456
4801103009
123456
4801103018
123456
4801103015
123456
4801103022
123456
4801103020
123456
4801103027
123456
4801103029
123456
4801103032
123456
4801103035
123456
4801103037
123456
4801103038
123456
4801103040
123456
4801103041
123456
4801103046
123456
4801103048
123456
4801103052
123456
4801103056
123456
4801103058
123456
4801103059
123456
4801103064
123456
4801103066
123456
4801103069
123456
4801103072
123456
4801103075
123456
4801103077
123456
4801103078
123456
4801103079
123456
4801103080
123456
4801103085
123456
4801103089
123456
4801103086
123456
4801103093
123456
4801103095
123456


